<?xml version="1.0" encoding="utf-8"?>
<ASSIMP format_id="1">

<!-- XML Model dump produced by assimp dump
  Library version: 6.0.0
  Source: art-source/_Shared/Animations/Rig_Humanoid_Shared.assxml
  Command line: - 
  Sun Jul 12 10:47:56 2026

--> 

<Scene flags="1" postprocessing="0">
<Node name="RootNode"> 
	<Matrix4> 
		 1.000000  0.000000  0.000000  0.000000
		 0.000000  1.000000  0.000000  0.000000
		 0.000000  0.000000  1.000000  0.000000
		 0.000000  0.000000  0.000000  1.000000
	</Matrix4> 
	<NodeList num="1">
		<Node name="Rig_Humanoid_Shared"> 
			<Matrix4> 
				-100.000000  0.000000  0.000039  0.000000
				 0.000039  0.000016  100.000000  0.000000
				 0.000000  100.000000 -0.000016  0.000000
				 0.000000  0.000000  0.000000  1.000000
			</Matrix4> 
			<NodeList num="1">
				<Node name="Hips"> 
					<Matrix4> 
						-0.000000 -1.000000  0.000000  0.000000
						 0.000000 -0.000000 -1.000000  0.000000
						 1.000000 -0.000000  0.000000  0.920000
						 0.000000  0.000000  0.000000  1.000000
					</Matrix4> 
					<NodeList num="3">
						<Node name="Spine"> 
							<Matrix4> 
								 1.000000  0.000000  0.000000  0.000000
								 0.000000  1.000000  0.000000  0.130000
								 0.000000  0.000000  1.000000  0.000000
								 0.000000  0.000000  0.000000  1.000000
							</Matrix4> 
							<NodeList num="1">
								<Node name="Chest"> 
									<Matrix4> 
										 1.000000  0.000000  0.000000  0.000000
										 0.000000  1.000000  0.000000  0.230000
										 0.000000  0.000000  1.000000  0.000000
										 0.000000  0.000000  0.000000  1.000000
									</Matrix4> 
									<NodeList num="3">
										<Node name="Neck"> 
											<Matrix4> 
												 1.000000  0.000000  0.000000  0.000000
												 0.000000  1.000000  0.000000  0.200000
												 0.000000  0.000000  1.000000  0.000000
												 0.000000  0.000000  0.000000  1.000000
											</Matrix4> 
											<NodeList num="1">
												<Node name="Head"> 
													<Matrix4> 
														 1.000000  0.000000  0.000000  0.000000
														 0.000000  1.000000  0.000000  0.100000
														 0.000000  0.000000  1.000000  0.000000
														 0.000000  0.000000  0.000000  1.000000
													</Matrix4> 
												</Node>
											</NodeList>
										</Node>
										<Node name="LeftShoulder"> 
											<Matrix4> 
												 0.015385 -0.992278 -0.123078  0.000000
												-0.123078 -0.124035  0.984615  0.160000
												-0.992278  0.000000 -0.124035  0.000000
												 0.000000  0.000000  0.000000  1.000000
											</Matrix4> 
											<NodeList num="1">
												<Node name="LeftUpperArm"> 
													<Matrix4> 
														 0.992515  0.014925  0.121205 -0.000000
														-0.029184  0.992734  0.116738  0.161245
														-0.118582 -0.119401  0.985739 -0.000000
														 0.000000  0.000000  0.000000  1.000000
													</Matrix4> 
													<NodeList num="1">
														<Node name="LeftLowerArm"> 
															<Matrix4> 
																 0.965623  0.059760  0.252983 -0.000000
																-0.116818  0.969169  0.216947  0.329849
																-0.232218 -0.239042  0.942833  0.000000
																 0.000000  0.000000  0.000000  1.000000
															</Matrix4> 
															<NodeList num="1">
																<Node name="LeftHand"> 
																	<Matrix4> 
																		 0.982995 -0.081233 -0.164689 -0.000000
																		 0.054183  0.985212 -0.162548  0.295297
																		 0.175458  0.150860  0.972860  0.000000
																		 0.000000  0.000000  0.000000  1.000000
																	</Matrix4> 
																</Node>
															</NodeList>
														</Node>
													</NodeList>
												</Node>
											</NodeList>
										</Node>
										<Node name="RightShoulder"> 
											<Matrix4> 
												 0.015385  0.992278  0.123078  0.000000
												 0.123078 -0.124035  0.984615  0.160000
												 0.992278  0.000000 -0.124035  0.000000
												 0.000000  0.000000  0.000000  1.000000
											</Matrix4> 
											<NodeList num="1">
												<Node name="RightUpperArm"> 
													<Matrix4> 
														 0.992515 -0.014925 -0.121205  0.000000
														 0.029184  0.992734  0.116738  0.161245
														 0.118582 -0.119401  0.985739 -0.000000
														 0.000000  0.000000  0.000000  1.000000
													</Matrix4> 
													<NodeList num="1">
														<Node name="RightLowerArm"> 
															<Matrix4> 
																 0.965623 -0.059760 -0.252983 -0.000000
																 0.116818  0.969168  0.216947  0.329849
																 0.232218 -0.239042  0.942833  0.000000
																 0.000000  0.000000  0.000000  1.000000
															</Matrix4> 
															<NodeList num="1">
																<Node name="RightHand"> 
																	<Matrix4> 
																		 0.982995  0.081232  0.164689  0.000000
																		-0.054183  0.985212 -0.162548  0.295297
																		-0.175458  0.150860  0.972860  0.000000
																		 0.000000  0.000000  0.000000  1.000000
																	</Matrix4> 
																</Node>
															</NodeList>
														</Node>
													</NodeList>
												</Node>
											</NodeList>
										</Node>
									</NodeList>
								</Node>
							</NodeList>
						</Node>
						<Node name="LeftUpperLeg"> 
							<Matrix4> 
								 0.980000 -0.141422 -0.140000 -0.120000
								-0.140000 -0.989949  0.020000 -0.000000
								-0.141421  0.000000 -0.989949  0.000000
								 0.000000  0.000000  0.000000  1.000000
							</Matrix4> 
							<NodeList num="1">
								<Node name="LeftLowerLeg"> 
									<Matrix4> 
										 0.939881  0.241821  0.241138 -0.000000
										-0.242933  0.969706 -0.025572  0.424264
										-0.240016 -0.034546  0.970154  0.000000
										 0.000000  0.000000  0.000000  1.000000
									</Matrix4> 
									<NodeList num="1">
										<Node name="LeftFoot"> 
											<Matrix4> 
												 0.989041 -0.137946  0.052619  0.000000
												 0.104684  0.403906 -0.908791  0.382099
												 0.104111  0.904340  0.413921 -0.000000
												 0.000000  0.000000  0.000000  1.000000
											</Matrix4> 
											<NodeList num="1">
												<Node name="LeftToes"> 
													<Matrix4> 
														 1.000000  0.000000  0.000000 -0.000000
														 0.000000  0.913812 -0.406138  0.196977
														-0.000000  0.406138  0.913812 -0.000000
														 0.000000  0.000000  0.000000  1.000000
													</Matrix4> 
												</Node>
											</NodeList>
										</Node>
									</NodeList>
								</Node>
							</NodeList>
						</Node>
						<Node name="RightUpperLeg"> 
							<Matrix4> 
								 0.980000  0.141422  0.140000  0.120000
								 0.140000 -0.989949  0.020000  0.000000
								 0.141421  0.000000 -0.989949  0.000000
								 0.000000  0.000000  0.000000  1.000000
							</Matrix4> 
							<NodeList num="1">
								<Node name="RightLowerLeg"> 
									<Matrix4> 
										 0.939881 -0.241821 -0.241138 -0.000000
										 0.242933  0.969706 -0.025572  0.424264
										 0.240016 -0.034546  0.970154  0.000000
										 0.000000  0.000000  0.000000  1.000000
									</Matrix4> 
									<NodeList num="1">
										<Node name="RightFoot"> 
											<Matrix4> 
												 0.989041  0.137946 -0.052619  0.000000
												-0.104684  0.403906 -0.908791  0.382099
												-0.104111  0.904340  0.413921 -0.000000
												 0.000000  0.000000  0.000000  1.000000
											</Matrix4> 
											<NodeList num="1">
												<Node name="RightToes"> 
													<Matrix4> 
														 1.000000 -0.000000 -0.000000  0.000000
														 0.000000  0.913812 -0.406138  0.196977
														 0.000000  0.406138  0.913812 -0.000000
														 0.000000  0.000000  0.000000  1.000000
													</Matrix4> 
												</Node>
											</NodeList>
										</Node>
									</NodeList>
								</Node>
							</NodeList>
						</Node>
					</NodeList>
				</Node>
			</NodeList>
		</Node>
	</NodeList>
</Node>
</Scene>
</ASSIMP>